 3e-07   0.957248  
 3.1e-07   0.647  
 3.2e-07   0.53313  
 3.3e-07   0.788279  
 3.4e-07   1.12815  
 3.5e-07   1.36013  
 3.6e-07   1.54757  
 3.7e-07   1.64018  
 3.8e-07   1.71367  
 3.9e-07   1.83836  
 4e-07   1.95  
 4.1e-07   2.08225  
 4.2e-07   2.13342  
 4.3e-07   2.18502  
 4.4e-07   2.3742  
 4.5e-07   2.48198  
 4.6e-07   2.5673  
 4.7e-07   2.65857  
 4.8e-07   2.74661  
 4.9e-07   2.8297  
 5e-07   2.91698  
 5.1e-07   3.01075  
 5.2e-07   3.09853  
 5.3e-07   3.17816  
 5.4e-07   3.25728  
 5.5e-07   3.33914  
 5.6e-07   3.42101  
 5.7e-07   3.50097  
 5.8e-07   3.57965  
 5.9e-07   3.65694  
 6e-07   3.73163  
 6.1e-07   3.80496  
 6.2e-07   3.88078  
 6.3e-07   3.9616  
 6.4e-07   4.04527  
 6.5e-07   4.12872  
 6.6e-07   4.20884  
 6.7e-07   4.2863  
 6.8e-07   4.36544  
 6.9e-07   4.45081  
 7e-07   4.55095  
 7.1e-07   4.65554  
 7.2e-07   4.74546  
 7.3e-07   4.81695  
 7.4e-07   4.87939  
 7.5e-07   4.93723  
 7.6e-07   4.99488  
 7.7e-07   5.05678  
 7.8e-07   5.12678  
 7.9e-07   5.2034  
 8e-07   5.28401  
 8.1e-07   5.36625  
 8.2e-07   5.44776  
 8.3e-07   5.52645  
 8.4e-07   5.60411  
 8.5e-07   5.68142  
 8.6e-07   5.75811  
 8.7e-07   5.83396  
 8.8e-07   5.90871  
 8.9e-07   5.98211  
 9e-07   6.05403  
 9.1e-07   6.12481  
 9.2e-07   6.19481  
 9.3e-07   6.26442  
 9.4e-07   6.33401  
 9.5e-07   6.40395  
 9.6e-07   6.47441  
 9.7e-07   6.54482  
 9.8e-07   6.61516  
 9.9e-07   6.68553  
 1e-06   6.75598  
 1.01e-06   6.82659  
 1.02e-06   6.89743  
 1.03e-06   6.96858  
 1.04e-06   7.0401  
 1.05e-06   7.11193  
 1.06e-06   7.18403  
 1.07e-06   7.25634  
 1.08e-06   7.32882  
 1.09e-06   7.4014  
 1.1e-06   7.47404  
 1.11e-06   7.54667  
 1.12e-06   7.61925  
 1.13e-06   7.69174  
 1.14e-06   7.76435  
 1.15e-06   7.8371  
 1.16e-06   7.90995  
 1.17e-06   7.98285  
 1.18e-06   8.05573  
 1.19e-06   8.12856  
 1.2e-06   8.20128  
 1.21e-06   8.27384  
 1.22e-06   8.34618  
 1.23e-06   8.41825  
 1.24e-06   8.49  
 1.25e-06   8.56113  
 1.26e-06   8.63161  
 1.27e-06   8.70179  
 1.28e-06   8.772  
 1.29e-06   8.84261  
 1.3e-06   8.91395  
 1.31e-06   8.98629  
 1.32e-06   9.0594  
 1.33e-06   9.13313  
 1.34e-06   9.20738  
 1.35e-06   9.28207  
 1.36e-06   9.35711  
 1.37e-06   9.43241  
 1.38e-06   9.50789  
 1.39e-06   9.58345  
 1.4e-06   9.65901  
 1.41e-06   9.73448  
 1.42e-06   9.80976  
 1.43e-06   9.88478  
 1.44e-06   9.95944  
 1.45e-06   10.0337  
 1.46e-06   10.1073  
 1.47e-06   10.1807  
 1.48e-06   10.2538  
 1.49e-06   10.3268  
 1.5e-06   10.3996  
 1.51e-06   10.4722  
 1.52e-06   10.5447  
 1.53e-06   10.6171  
 1.54e-06   10.6893  
 1.55e-06   10.7614  
 1.56e-06   10.8334  
 1.57e-06   10.9053  
 1.58e-06   10.9772  
 1.59e-06   11.0489  
 1.6e-06   11.1206  
 1.61e-06   11.1923  
 1.62e-06   11.2639  
 1.63e-06   11.3354  
 1.64e-06   11.407  
 1.65e-06   11.4785  
 1.66e-06   11.5501  
 1.67e-06   11.6215  
 1.68e-06   11.693  
 1.69e-06   11.7644  
 1.7e-06   11.8357  
 1.71e-06   11.907  
 1.72e-06   11.9782  
 1.73e-06   12.0494  
 1.74e-06   12.1205  
 1.75e-06   12.1916  
 1.76e-06   12.2626  
 1.77e-06   12.3336  
 1.78e-06   12.4045  
 1.79e-06   12.4753  
 1.8e-06   12.5461  
 1.81e-06   12.6169  
 1.82e-06   12.6876  
 1.83e-06   12.7582  
 1.84e-06   12.8287  
 1.85e-06   12.8993  
 1.86e-06   12.9697  
 1.87e-06   13.0401  
 1.88e-06   13.1104  
 1.89e-06   13.1807  
 1.9e-06   13.2509  
 1.91e-06   13.321  
 1.92e-06   13.3911  
 1.93e-06   13.4611  
 1.94e-06   13.5311  
 1.95e-06   13.601  
 1.96e-06   13.6708  
 1.97e-06   13.7405  
 1.98e-06   13.8102  
 1.99e-06   13.8799  
 2e-06   13.9494  
