 3e-07   1.51797  
 3.1e-07   1.323  
 3.2e-07   0.790108  
 3.3e-07   0.390368  
 3.4e-07   0.257338  
 3.5e-07   0.220121  
 3.6e-07   0.192769  
 3.7e-07   0.192618  
 3.8e-07   0.198518  
 3.9e-07   0.188529  
 4e-07   0.173  
 4.1e-07   0.173  
 4.2e-07   0.167619  
 4.3e-07   0.159291  
 4.4e-07   0.157505  
 4.5e-07   0.151775  
 4.6e-07   0.143416  
 4.7e-07   0.135354  
 4.8e-07   0.131459  
 4.9e-07   0.130227  
 5e-07   0.13  
 5.1e-07   0.13  
 5.2e-07   0.129973  
 5.3e-07   0.129612  
 5.4e-07   0.128899  
 5.5e-07   0.124977  
 5.6e-07   0.12049  
 5.7e-07   0.120067  
 5.8e-07   0.120407  
 5.9e-07   0.120974  
 6e-07   0.123136  
 6.1e-07   0.127194  
 6.2e-07   0.131031  
 6.3e-07   0.134514  
 6.4e-07   0.137929  
 6.5e-07   0.139896  
 6.6e-07   0.14  
 6.7e-07   0.14  
 6.8e-07   0.14  
 6.9e-07   0.140036  
 7e-07   0.142444  
 7.1e-07   0.146222  
 7.2e-07   0.147998  
 7.3e-07   0.147516  
 7.4e-07   0.146437  
 7.5e-07   0.14511  
 7.6e-07   0.143885  
 7.7e-07   0.14311  
 7.8e-07   0.143024  
 7.9e-07   0.143201  
 8e-07   0.143533  
 8.1e-07   0.143997  
 8.2e-07   0.144571  
 8.3e-07   0.145306  
 8.4e-07   0.147009  
 8.5e-07   0.149692  
 8.6e-07   0.153077  
 8.7e-07   0.156883  
 8.8e-07   0.160831  
 8.9e-07   0.164773  
 9e-07   0.169431  
 9.1e-07   0.174724  
 9.2e-07   0.180359  
 9.3e-07   0.186043  
 9.4e-07   0.191482  
 9.5e-07   0.196382  
 9.6e-07   0.200607  
 9.7e-07   0.204579  
 9.8e-07   0.208362  
 9.9e-07   0.211974  
 1e-06   0.215435  
 1.01e-06   0.218761  
 1.02e-06   0.221971  
 1.03e-06   0.225083  
 1.04e-06   0.228039  
 1.05e-06   0.230678  
 1.06e-06   0.233087  
 1.07e-06   0.235369  
 1.08e-06   0.237628  
 1.09e-06   0.239965  
 1.1e-06   0.242485  
 1.11e-06   0.245289  
 1.12e-06   0.24848  
 1.13e-06   0.252198  
 1.14e-06   0.257013  
 1.15e-06   0.262923  
 1.16e-06   0.269709  
 1.17e-06   0.277149  
 1.18e-06   0.285023  
 1.19e-06   0.293109  
 1.2e-06   0.301187  
 1.21e-06   0.309036  
 1.22e-06   0.316435  
 1.23e-06   0.323163  
 1.24e-06   0.329  
 1.25e-06   0.334013  
 1.26e-06   0.338544  
 1.27e-06   0.342781  
 1.28e-06   0.34691  
 1.29e-06   0.351121  
 1.3e-06   0.355601  
 1.31e-06   0.36047  
 1.32e-06   0.365444  
 1.33e-06   0.370477  
 1.34e-06   0.37558  
 1.35e-06   0.380765  
 1.36e-06   0.386044  
 1.37e-06   0.39143  
 1.38e-06   0.396934  
 1.39e-06   0.402569  
 1.4e-06   0.408348  
 1.41e-06   0.414281  
 1.42e-06   0.420381  
 1.43e-06   0.426661  
 1.44e-06   0.433133  
 1.45e-06   0.439808  
 1.46e-06   0.4467  
 1.47e-06   0.453927  
 1.48e-06   0.461544  
 1.49e-06   0.469519  
 1.5e-06   0.477823  
 1.51e-06   0.486426  
 1.52e-06   0.495296  
 1.53e-06   0.504403  
 1.54e-06   0.513717  
 1.55e-06   0.523208  
 1.56e-06   0.532846  
 1.57e-06   0.542599  
 1.58e-06   0.552438  
 1.59e-06   0.562332  
 1.6e-06   0.572251  
 1.61e-06   0.582164  
 1.62e-06   0.592041  
 1.63e-06   0.601852  
 1.64e-06   0.611566  
 1.65e-06   0.621153  
 1.66e-06   0.630632  
 1.67e-06   0.640127  
 1.68e-06   0.649648  
 1.69e-06   0.659194  
 1.7e-06   0.668766  
 1.71e-06   0.678365  
 1.72e-06   0.687989  
 1.73e-06   0.69764  
 1.74e-06   0.707318  
 1.75e-06   0.717022  
 1.76e-06   0.726753  
 1.77e-06   0.73651  
 1.78e-06   0.746296  
 1.79e-06   0.756108  
 1.8e-06   0.765948  
 1.81e-06   0.775816  
 1.82e-06   0.785711  
 1.83e-06   0.795634  
 1.84e-06   0.805586  
 1.85e-06   0.815566  
 1.86e-06   0.825574  
 1.87e-06   0.835611  
 1.88e-06   0.845677  
 1.89e-06   0.855772  
 1.9e-06   0.865896  
 1.91e-06   0.876049  
 1.92e-06   0.886232  
 1.93e-06   0.896444  
 1.94e-06   0.906686  
 1.95e-06   0.916959  
 1.96e-06   0.927261  
 1.97e-06   0.937593  
 1.98e-06   0.947956  
 1.99e-06   0.95835  
 2e-06   0.968774  
