 3e-07   3.61  
 3.1e-07   3.74  
 3.2e-07   3.86735  
 3.3e-07   3.99692  
 3.4e-07   4.11789  
 3.5e-07   4.24  
 3.6e-07   4.37341  
 3.7e-07   4.49247  
 3.8e-07   4.61421  
 3.9e-07   4.74055  
 4e-07   4.86  
 4.1e-07   4.97971  
 4.2e-07   5.10508  
 4.3e-07   5.23005  
 4.4e-07   5.3465  
 4.5e-07   5.47  
 4.6e-07   5.58976  
 4.7e-07   5.71422  
 4.8e-07   5.83785  
 4.9e-07   5.95863  
 5e-07   6.08  
 5.1e-07   6.19735  
 5.2e-07   6.32353  
 5.3e-07   6.44786  
 5.4e-07   6.56108  
 5.5e-07   6.69  
 5.6e-07   6.80661  
 5.7e-07   6.92406  
 5.8e-07   7.03644  
 5.9e-07   7.14552  
 6e-07   7.26  
 6.1e-07   7.36774  
 6.2e-07   7.4811  
 6.3e-07   7.58939  
 6.4e-07   7.69138  
 6.5e-07   7.79  
 6.6e-07   7.90105  
 6.7e-07   8.00785  
 6.8e-07   8.11804  
 6.9e-07   8.22141  
 7e-07   8.31  
 7.1e-07   8.40401  
 7.2e-07   8.50435  
 7.3e-07   8.57263  
 7.4e-07   8.60569  
 7.5e-07   8.62  
 7.6e-07   8.61688  
 7.7e-07   8.60679  
 7.8e-07   8.58383  
 7.9e-07   8.51931  
 8e-07   8.44942  
 8.1e-07   8.37938  
 8.2e-07   8.31984  
 8.3e-07   8.30588  
 8.4e-07   8.26323  
 8.5e-07   8.22  
 8.6e-07   8.20057  
 8.7e-07   8.18308  
 8.8e-07   8.18896  
 8.9e-07   8.2318  
 9e-07   8.3  
 9.1e-07   8.37452  
 9.2e-07   8.45155  
 9.3e-07   8.54713  
 9.4e-07   8.7026  
 9.5e-07   8.88  
 9.6e-07   9.05273  
 9.7e-07   9.20297  
 9.8e-07   9.34004  
 9.9e-07   9.46683  
 1e-06   9.58  
 1.01e-06   9.70171  
 1.02e-06   9.83003  
 1.03e-06   9.96087  
 1.04e-06   10.0922  
 1.05e-06   10.2268  
 1.06e-06   10.3622  
 1.07e-06   10.496  
 1.08e-06   10.6255  
 1.09e-06   10.7519  
 1.1e-06   10.8761  
 1.11e-06   10.9981  
 1.12e-06   11.1177  
 1.13e-06   11.2349  
 1.14e-06   11.3494  
 1.15e-06   11.4617  
 1.16e-06   11.5721  
 1.17e-06   11.6812  
 1.18e-06   11.7892  
 1.19e-06   11.8936  
 1.2e-06   12  
 1.21e-06   12.1199  
 1.22e-06   12.2484  
 1.23e-06   12.3776  
 1.24e-06   12.5  
 1.25e-06   12.6138  
 1.26e-06   12.7233  
 1.27e-06   12.83  
 1.28e-06   12.935  
 1.29e-06   13.04  
 1.3e-06   13.1461  
 1.31e-06   13.2543  
 1.32e-06   13.3633  
 1.33e-06   13.4725  
 1.34e-06   13.582  
 1.35e-06   13.6917  
 1.36e-06   13.8017  
 1.37e-06   13.9118  
 1.38e-06   14.022  
 1.39e-06   14.1318  
 1.4e-06   14.241  
 1.41e-06   14.3502  
 1.42e-06   14.4599  
 1.43e-06   14.5704  
 1.44e-06   14.6822  
 1.45e-06   14.7958  
 1.46e-06   14.9117  
 1.47e-06   15.0314  
 1.48e-06   15.1541  
 1.49e-06   15.2777  
 1.5e-06   15.4  
 1.51e-06   15.5216  
 1.52e-06   15.6437  
 1.53e-06   15.765  
 1.54e-06   15.8841  
 1.55e-06   16  
 1.56e-06   16.1127  
 1.57e-06   16.2235  
 1.58e-06   16.3325  
 1.59e-06   16.4401  
 1.6e-06   16.5464  
 1.61e-06   16.6518  
 1.62e-06   16.7565  
 1.63e-06   16.8607  
 1.64e-06   16.9647  
 1.65e-06   17.0687  
 1.66e-06   17.1726  
 1.67e-06   17.2752  
 1.68e-06   17.3767  
 1.69e-06   17.4775  
 1.7e-06   17.5778  
 1.71e-06   17.6778  
 1.72e-06   17.7779  
 1.73e-06   17.8784  
 1.74e-06   17.9795  
 1.75e-06   18.0815  
 1.76e-06   18.1847  
 1.77e-06   18.2894  
 1.78e-06   18.3961  
 1.79e-06   18.5049  
 1.8e-06   18.6153  
 1.81e-06   18.7271  
 1.82e-06   18.8399  
 1.83e-06   18.9531  
 1.84e-06   19.0665  
 1.85e-06   19.1796  
 1.86e-06   19.2921  
 1.87e-06   19.4035  
 1.88e-06   19.5135  
 1.89e-06   19.6216  
 1.9e-06   19.7274  
 1.91e-06   19.8307  
 1.92e-06   19.9323  
 1.93e-06   20.0326  
 1.94e-06   20.1316  
 1.95e-06   20.2293  
 1.96e-06   20.3258  
 1.97e-06   20.4211  
 1.98e-06   20.5152  
 1.99e-06   20.6082  
 2e-06   20.7  
