 3e-07   0.276  
 3.1e-07   0.294  
 3.2e-07   0.314043  
 3.3e-07   0.333431  
 3.4e-07   0.354606  
 3.5e-07   0.375  
 3.6e-07   0.397211  
 3.7e-07   0.418849  
 3.8e-07   0.4421  
 3.9e-07   0.465962  
 4e-07   0.49  
 4.1e-07   0.514802  
 4.2e-07   0.53941  
 4.3e-07   0.564369  
 4.4e-07   0.590481  
 4.5e-07   0.618  
 4.6e-07   0.646278  
 4.7e-07   0.674733  
 4.8e-07   0.704408  
 4.9e-07   0.73576  
 5e-07   0.769  
 5.1e-07   0.802441  
 5.2e-07   0.838436  
 5.3e-07   0.876188  
 5.4e-07   0.915647  
 5.5e-07   0.958  
 5.6e-07   1.00388  
 5.7e-07   1.04887  
 5.8e-07   1.0963  
 5.9e-07   1.14793  
 6e-07   1.2  
 6.1e-07   1.24572  
 6.2e-07   1.30055  
 6.3e-07   1.35695  
 6.4e-07   1.41272  
 6.5e-07   1.47  
 6.6e-07   1.53727  
 6.7e-07   1.59864  
 6.8e-07   1.67157  
 6.9e-07   1.74934  
 7e-07   1.83  
 7.1e-07   1.92522  
 7.2e-07   2.03286  
 7.3e-07   2.14836  
 7.4e-07   2.28343  
 7.5e-07   2.4  
 7.6e-07   2.48802  
 7.7e-07   2.58737  
 7.8e-07   2.67384  
 7.9e-07   2.75982  
 8e-07   2.8  
 8.1e-07   2.79088  
 8.2e-07   2.76658  
 8.3e-07   2.72013  
 8.4e-07   2.66514  
 8.5e-07   2.61  
 8.6e-07   2.54047  
 8.7e-07   2.43734  
 8.8e-07   2.31581  
 8.9e-07   2.18345  
 9e-07   2.06  
 9.1e-07   1.95324  
 9.2e-07   1.83907  
 9.3e-07   1.70076  
 9.4e-07   1.55847  
 9.5e-07   1.49  
 9.6e-07   1.56748  
 9.7e-07   1.51048  
 9.8e-07   1.4362  
 9.9e-07   1.37691  
 1e-06   1.35  
 1.01e-06   1.32116  
 1.02e-06   1.29064  
 1.03e-06   1.26546  
 1.04e-06   1.24901  
 1.05e-06   1.23475  
 1.06e-06   1.22288  
 1.07e-06   1.21418  
 1.08e-06   1.20931  
 1.09e-06   1.20611  
 1.1e-06   1.20344  
 1.11e-06   1.20143  
 1.12e-06   1.20026  
 1.13e-06   1.20009  
 1.14e-06   1.20146  
 1.15e-06   1.2039  
 1.16e-06   1.20664  
 1.17e-06   1.20892  
 1.18e-06   1.20999  
 1.19e-06   1.21  
 1.2e-06   1.21  
 1.21e-06   1.21  
 1.22e-06   1.21  
 1.23e-06   1.21  
 1.24e-06   1.21  
 1.25e-06   1.21082  
 1.26e-06   1.21302  
 1.27e-06   1.21623  
 1.28e-06   1.22008  
 1.29e-06   1.22418  
 1.3e-06   1.22817  
 1.31e-06   1.23175  
 1.32e-06   1.23525  
 1.33e-06   1.23882  
 1.34e-06   1.24257  
 1.35e-06   1.24658  
 1.36e-06   1.25094  
 1.37e-06   1.25576  
 1.38e-06   1.26113  
 1.39e-06   1.26741  
 1.4e-06   1.27466  
 1.41e-06   1.28274  
 1.42e-06   1.29153  
 1.43e-06   1.30088  
 1.44e-06   1.31067  
 1.45e-06   1.32076  
 1.46e-06   1.33104  
 1.47e-06   1.34232  
 1.48e-06   1.35472  
 1.49e-06   1.36751  
 1.5e-06   1.38  
 1.51e-06   1.3919  
 1.52e-06   1.40359  
 1.53e-06   1.41532  
 1.54e-06   1.42737  
 1.55e-06   1.44  
 1.56e-06   1.45327  
 1.57e-06   1.46701  
 1.58e-06   1.48115  
 1.59e-06   1.49562  
 1.6e-06   1.51035  
 1.61e-06   1.52528  
 1.62e-06   1.54033  
 1.63e-06   1.55543  
 1.64e-06   1.57052  
 1.65e-06   1.58552  
 1.66e-06   1.60044  
 1.67e-06   1.61539  
 1.68e-06   1.6304  
 1.69e-06   1.64546  
 1.7e-06   1.66059  
 1.71e-06   1.67578  
 1.72e-06   1.69103  
 1.73e-06   1.70636  
 1.74e-06   1.72176  
 1.75e-06   1.73724  
 1.76e-06   1.75279  
 1.77e-06   1.76843  
 1.78e-06   1.78415  
 1.79e-06   1.79993  
 1.8e-06   1.81578  
 1.81e-06   1.8317  
 1.82e-06   1.84769  
 1.83e-06   1.86375  
 1.84e-06   1.87989  
 1.85e-06   1.8961  
 1.86e-06   1.91239  
 1.87e-06   1.92875  
 1.88e-06   1.9452  
 1.89e-06   1.96172  
 1.9e-06   1.97833  
 1.91e-06   1.99502  
 1.92e-06   2.01182  
 1.93e-06   2.02874  
 1.94e-06   2.04578  
 1.95e-06   2.06291  
 1.96e-06   2.08015  
 1.97e-06   2.09749  
 1.98e-06   2.11491  
 1.99e-06   2.13242  
 2e-06   2.15  
