 3e-07   1.91975  
 3.1e-07   1.916  
 3.2e-07   1.89851  
 3.3e-07   1.86969  
 3.4e-07   1.84992  
 3.5e-07   1.84535  
 3.6e-07   1.85187  
 3.7e-07   1.88111  
 3.8e-07   1.91855  
 3.9e-07   1.94112  
 4e-07   1.956  
 4.1e-07   1.95786  
 4.2e-07   1.9525  
 4.3e-07   1.93552  
 4.4e-07   1.91176  
 4.5e-07   1.87947  
 4.6e-07   1.84341  
 4.7e-07   1.80771  
 4.8e-07   1.79747  
 4.9e-07   1.81893  
 5e-07   1.86873  
 5.1e-07   2.01044  
 5.2e-07   2.17726  
 5.3e-07   2.37228  
 5.4e-07   2.55445  
 5.5e-07   2.71723  
 5.6e-07   2.84946  
 5.7e-07   2.92256  
 5.8e-07   2.97666  
 5.9e-07   2.99996  
 6e-07   3  
 6.1e-07   3  
 6.2e-07   3  
 6.3e-07   3.01849  
 6.4e-07   3.06591  
 6.5e-07   3.13137  
 6.6e-07   3.23561  
 6.7e-07   3.42276  
 6.8e-07   3.63699  
 6.9e-07   3.81852  
 7e-07   3.96627  
 7.1e-07   4.10399  
 7.2e-07   4.23399  
 7.3e-07   4.35858  
 7.4e-07   4.47752  
 7.5e-07   4.59078  
 7.6e-07   4.7002  
 7.7e-07   4.80758  
 7.8e-07   4.91465  
 7.9e-07   5.02154  
 8e-07   5.12695  
 8.1e-07   5.22954  
 8.2e-07   5.32797  
 8.3e-07   5.4209  
 8.4e-07   5.50803  
 8.5e-07   5.59098  
 8.6e-07   5.6716  
 8.7e-07   5.7517  
 8.8e-07   5.83314  
 8.9e-07   5.91755  
 9e-07   6.00445  
 9.1e-07   6.09272  
 9.2e-07   6.18137  
 9.3e-07   6.26942  
 9.4e-07   6.3559  
 9.5e-07   6.4398  
 9.6e-07   6.52015  
 9.7e-07   6.59689  
 9.8e-07   6.67112  
 9.9e-07   6.74401  
 1e-06   6.81672  
 1.01e-06   6.89042  
 1.02e-06   6.96627  
 1.03e-06   7.04543  
 1.04e-06   7.13209  
 1.05e-06   7.23299  
 1.06e-06   7.34345  
 1.07e-06   7.45811  
 1.08e-06   7.57163  
 1.09e-06   7.67867  
 1.1e-06   7.77388  
 1.11e-06   7.85191  
 1.12e-06   7.90741  
 1.13e-06   7.93629  
 1.14e-06   7.95451  
 1.15e-06   7.96904  
 1.16e-06   7.98054  
 1.17e-06   7.98971  
 1.18e-06   7.99722  
 1.19e-06   8.00375  
 1.2e-06   8.00997  
 1.21e-06   8.01658  
 1.22e-06   8.02424  
 1.23e-06   8.03363  
 1.24e-06   8.04545  
 1.25e-06   8.06035  
 1.26e-06   8.07903  
 1.27e-06   8.10826  
 1.28e-06   8.17214  
 1.29e-06   8.24374  
 1.3e-06   8.30494  
 1.31e-06   8.3657  
 1.32e-06   8.426  
 1.33e-06   8.48564  
 1.34e-06   8.54473  
 1.35e-06   8.60361  
 1.36e-06   8.66258  
 1.37e-06   8.72197  
 1.38e-06   8.78212  
 1.39e-06   8.84368  
 1.4e-06   8.90553  
 1.41e-06   8.96592  
 1.42e-06   9.02373  
 1.43e-06   9.08044  
 1.44e-06   9.13815  
 1.45e-06   9.19844  
 1.46e-06   9.26045  
 1.47e-06   9.32288  
 1.48e-06   9.38456  
 1.49e-06   9.44582  
 1.5e-06   9.50691  
 1.51e-06   9.56783  
 1.52e-06   9.62785  
 1.53e-06   9.68667  
 1.54e-06   9.7466  
 1.55e-06   9.81  
 1.56e-06   9.88145  
 1.57e-06   9.95878  
 1.58e-06   10.0342  
 1.59e-06   10.1  
 1.6e-06   10.1528  
 1.61e-06   10.1986  
 1.62e-06   10.2437  
 1.63e-06   10.2944  
 1.64e-06   10.354  
 1.65e-06   10.4197  
 1.66e-06   10.4899  
 1.67e-06   10.5629  
 1.68e-06   10.639  
 1.69e-06   10.7243  
 1.7e-06   10.8105  
 1.71e-06   10.8868  
 1.72e-06   10.948  
 1.73e-06   11.0014  
 1.74e-06   11.05  
 1.75e-06   11.0965  
 1.76e-06   11.1438  
 1.77e-06   11.1946  
 1.78e-06   11.2489  
 1.79e-06   11.3042  
 1.8e-06   11.361  
 1.81e-06   11.4197  
 1.82e-06   11.481  
 1.83e-06   11.5468  
 1.84e-06   11.6192  
 1.85e-06   11.695  
 1.86e-06   11.7704  
 1.87e-06   11.842  
 1.88e-06   11.906  
 1.89e-06   11.962  
 1.9e-06   12.0132  
 1.91e-06   12.0619  
 1.92e-06   12.1106  
 1.93e-06   12.1616  
 1.94e-06   12.2173  
 1.95e-06   12.2775  
 1.96e-06   12.3407  
 1.97e-06   12.4058  
 1.98e-06   12.4715  
 1.99e-06   12.5367  
 2e-06   12.6  
