 3e-07   1.80187  
 3.1e-07   1.83  
 3.2e-07   1.83841  
 3.3e-07   1.81442  
 3.4e-07   1.77434  
 3.5e-07   1.74643  
 3.6e-07   1.72682  
 3.7e-07   1.7061  
 3.8e-07   1.68768  
 3.9e-07   1.67048  
 4e-07   1.658  
 4.1e-07   1.64142  
 4.2e-07   1.62691  
 4.3e-07   1.60927  
 4.4e-07   1.5749  
 4.5e-07   1.51169  
 4.6e-07   1.41863  
 4.7e-07   1.32213  
 4.8e-07   1.19752  
 4.9e-07   1.01922  
 5e-07   0.849879  
 5.1e-07   0.693927  
 5.2e-07   0.569851  
 5.3e-07   0.468718  
 5.4e-07   0.397112  
 5.5e-07   0.351828  
 5.6e-07   0.317355  
 5.7e-07   0.286427  
 5.8e-07   0.258889  
 5.9e-07   0.236747  
 6e-07   0.219726  
 6.1e-07   0.205622  
 6.2e-07   0.193893  
 6.3e-07   0.183061  
 6.4e-07   0.1734  
 6.5e-07   0.166917  
 6.6e-07   0.164034  
 6.7e-07   0.161855  
 6.8e-07   0.160436  
 6.9e-07   0.160006  
 7e-07   0.160446  
 7.1e-07   0.161426  
 7.2e-07   0.162718  
 7.3e-07   0.164096  
 7.4e-07   0.165776  
 7.5e-07   0.167905  
 7.6e-07   0.170305  
 7.7e-07   0.172798  
 7.8e-07   0.175242  
 7.9e-07   0.177739  
 8e-07   0.180342  
 8.1e-07   0.18308  
 8.2e-07   0.185981  
 8.3e-07   0.189086  
 8.4e-07   0.192521  
 8.5e-07   0.196228  
 8.6e-07   0.200099  
 8.7e-07   0.204024  
 8.8e-07   0.207896  
 8.9e-07   0.211615  
 9e-07   0.21521  
 9.1e-07   0.218748  
 9.2e-07   0.222287  
 9.3e-07   0.225887  
 9.4e-07   0.229605  
 9.5e-07   0.233501  
 9.6e-07   0.237645  
 9.7e-07   0.242075  
 9.8e-07   0.246724  
 9.9e-07   0.251518  
 1e-06   0.256381  
 1.01e-06   0.261241  
 1.02e-06   0.266023  
 1.03e-06   0.270652  
 1.04e-06   0.275078  
 1.05e-06   0.27935  
 1.06e-06   0.283515  
 1.07e-06   0.287619  
 1.08e-06   0.291704  
 1.09e-06   0.295817  
 1.1e-06   0.3  
 1.11e-06   0.3043  
 1.12e-06   0.308759  
 1.13e-06   0.313416  
 1.14e-06   0.318183  
 1.15e-06   0.323032  
 1.16e-06   0.327973  
 1.17e-06   0.333015  
 1.18e-06   0.338169  
 1.19e-06   0.343445  
 1.2e-06   0.348853  
 1.21e-06   0.354402  
 1.22e-06   0.360103  
 1.23e-06   0.365966  
 1.24e-06   0.372  
 1.25e-06   0.378745  
 1.26e-06   0.385797  
 1.27e-06   0.391886  
 1.28e-06   0.397188  
 1.29e-06   0.402449  
 1.3e-06   0.408053  
 1.31e-06   0.413784  
 1.32e-06   0.419581  
 1.33e-06   0.425417  
 1.34e-06   0.431298  
 1.35e-06   0.437221  
 1.36e-06   0.443182  
 1.37e-06   0.449179  
 1.38e-06   0.455211  
 1.39e-06   0.461324  
 1.4e-06   0.467483  
 1.41e-06   0.473609  
 1.42e-06   0.479635  
 1.43e-06   0.485641  
 1.44e-06   0.491753  
 1.45e-06   0.498103  
 1.46e-06   0.504644  
 1.47e-06   0.511174  
 1.48e-06   0.517507  
 1.49e-06   0.523702  
 1.5e-06   0.529801  
 1.51e-06   0.535809  
 1.52e-06   0.541697  
 1.53e-06   0.547454  
 1.54e-06   0.553186  
 1.55e-06   0.559  
 1.56e-06   0.564908  
 1.57e-06   0.570863  
 1.58e-06   0.576887  
 1.59e-06   0.583  
 1.6e-06   0.58926  
 1.61e-06   0.595642  
 1.62e-06   0.602047  
 1.63e-06   0.608375  
 1.64e-06   0.614468  
 1.65e-06   0.620362  
 1.66e-06   0.626327  
 1.67e-06   0.632634  
 1.68e-06   0.639656  
 1.69e-06   0.647788  
 1.7e-06   0.656145  
 1.71e-06   0.663682  
 1.72e-06   0.669826  
 1.73e-06   0.675219  
 1.74e-06   0.680179  
 1.75e-06   0.685002  
 1.76e-06   0.689983  
 1.77e-06   0.69542  
 1.78e-06   0.70145  
 1.79e-06   0.707874  
 1.8e-06   0.714541  
 1.81e-06   0.721305  
 1.82e-06   0.728018  
 1.83e-06   0.734595  
 1.84e-06   0.741153  
 1.85e-06   0.747719  
 1.86e-06   0.754315  
 1.87e-06   0.76096  
 1.88e-06   0.767675  
 1.89e-06   0.774485  
 1.9e-06   0.781373  
 1.91e-06   0.788307  
 1.92e-06   0.795253  
 1.93e-06   0.80218  
 1.94e-06   0.809056  
 1.95e-06   0.815887  
 1.96e-06   0.822694  
 1.97e-06   0.829492  
 1.98e-06   0.836299  
 1.99e-06   0.843129  
 2e-06   0.85  
