 3e-07   1.67378  
 3.1e-07   1.7253  
 3.2e-07   1.78125  
 3.3e-07   1.81576  
 3.4e-07   1.85374  
 3.5e-07   1.89717  
 3.6e-07   1.94057  
 3.7e-07   1.98522  
 3.8e-07   2.03764  
 3.9e-07   2.08239  
 4e-07   2.1296  
 4.1e-07   2.18776  
 4.2e-07   2.24624  
 4.3e-07   2.30246  
 4.4e-07   2.3497  
 4.5e-07   2.3931  
 4.6e-07   2.43669  
 4.7e-07   2.47773  
 4.8e-07   2.51487  
 4.9e-07   2.54835  
 5e-07   2.57375  
 5.1e-07   2.59636  
 5.2e-07   2.6079  
 5.3e-07   2.60016  
 5.4e-07   2.58411  
 5.5e-07   2.57731  
 5.6e-07   2.59579  
 5.7e-07   2.63671  
 5.8e-07   2.69152  
 5.9e-07   2.77947  
 6e-07   2.93099  
 6.1e-07   3.10171  
 6.2e-07   3.24824  
 6.3e-07   3.38179  
 6.4e-07   3.51155  
 6.5e-07   3.63576  
 6.6e-07   3.75265  
 6.7e-07   3.86206  
 6.8e-07   3.96582  
 6.9e-07   4.06533  
 7e-07   4.16203  
 7.1e-07   4.25702  
 7.2e-07   4.34966  
 7.3e-07   4.43997  
 7.4e-07   4.5281  
 7.5e-07   4.61422  
 7.6e-07   4.69836  
 7.7e-07   4.77963  
 7.8e-07   4.85861  
 7.9e-07   4.93629  
 8e-07   5.01361  
 8.1e-07   5.09157  
 8.2e-07   5.17111  
 8.3e-07   5.25306  
 8.4e-07   5.33701  
 8.5e-07   5.42198  
 8.6e-07   5.507  
 8.7e-07   5.59108  
 8.8e-07   5.67327  
 8.9e-07   5.75257  
 9e-07   5.82846  
 9.1e-07   5.90174  
 9.2e-07   5.97301  
 9.3e-07   6.04286  
 9.4e-07   6.1119  
 9.5e-07   6.18071  
 9.6e-07   6.24989  
 9.7e-07   6.32004  
 9.8e-07   6.39175  
 9.9e-07   6.4653  
 1e-06   6.53972  
 1.01e-06   6.61483  
 1.02e-06   6.69056  
 1.03e-06   6.76685  
 1.04e-06   6.84363  
 1.05e-06   6.92084  
 1.06e-06   6.99842  
 1.07e-06   7.07629  
 1.08e-06   7.15439  
 1.09e-06   7.2327  
 1.1e-06   7.31208  
 1.11e-06   7.39275  
 1.12e-06   7.47439  
 1.13e-06   7.55668  
 1.14e-06   7.6393  
 1.15e-06   7.72193  
 1.16e-06   7.80427  
 1.17e-06   7.88599  
 1.18e-06   7.96678  
 1.19e-06   8.04632  
 1.2e-06   8.12429  
 1.21e-06   8.20038  
 1.22e-06   8.27432  
 1.23e-06   8.34636  
 1.24e-06   8.41677  
 1.25e-06   8.48577  
 1.26e-06   8.55355  
 1.27e-06   8.62033  
 1.28e-06   8.6863  
 1.29e-06   8.75167  
 1.3e-06   8.81664  
 1.31e-06   8.88143  
 1.32e-06   8.94623  
 1.33e-06   9.01125  
 1.34e-06   9.0767  
 1.35e-06   9.14278  
 1.36e-06   9.20969  
 1.37e-06   9.27764  
 1.38e-06   9.34684  
 1.39e-06   9.41749  
 1.4e-06   9.48968  
 1.41e-06   9.56313  
 1.42e-06   9.63772  
 1.43e-06   9.71332  
 1.44e-06   9.78983  
 1.45e-06   9.86714  
 1.46e-06   9.94513  
 1.47e-06   10.0237  
 1.48e-06   10.1027  
 1.49e-06   10.1821  
 1.5e-06   10.2616  
 1.51e-06   10.3413  
 1.52e-06   10.421  
 1.53e-06   10.5006  
 1.54e-06   10.58  
 1.55e-06   10.6591  
 1.56e-06   10.7377  
 1.57e-06   10.8157  
 1.58e-06   10.8931  
 1.59e-06   10.9696  
 1.6e-06   11.0453  
 1.61e-06   11.12  
 1.62e-06   11.194  
 1.63e-06   11.2679  
 1.64e-06   11.3416  
 1.65e-06   11.4151  
 1.66e-06   11.4884  
 1.67e-06   11.5615  
 1.68e-06   11.6344  
 1.69e-06   11.7071  
 1.7e-06   11.7796  
 1.71e-06   11.8519  
 1.72e-06   11.924  
 1.73e-06   11.9959  
 1.74e-06   12.0676  
 1.75e-06   12.139  
 1.76e-06   12.2102  
 1.77e-06   12.2812  
 1.78e-06   12.352  
 1.79e-06   12.4225  
 1.8e-06   12.4928  
 1.81e-06   12.5628  
 1.82e-06   12.6326  
 1.83e-06   12.7022  
 1.84e-06   12.7715  
 1.85e-06   12.8406  
 1.86e-06   12.9093  
 1.87e-06   12.9779  
 1.88e-06   13.0461  
 1.89e-06   13.1141  
 1.9e-06   13.1819  
 1.91e-06   13.2493  
 1.92e-06   13.3165  
 1.93e-06   13.3834  
 1.94e-06   13.4499  
 1.95e-06   13.5163  
 1.96e-06   13.5823  
 1.97e-06   13.648  
 1.98e-06   13.7134  
 1.99e-06   13.7785  
 2e-06   13.8433  
