 3e-07   1.40195  
 3.1e-07   1.38019  
 3.2e-07   1.38  
 3.3e-07   1.34199  
 3.4e-07   1.35563  
 3.5e-07   1.36819  
 3.6e-07   1.36769  
 3.7e-07   1.3567  
 3.8e-07   1.33203  
 3.9e-07   1.32478  
 4e-07   1.31604  
 4.1e-07   1.28819  
 4.2e-07   1.26597  
 4.3e-07   1.25041  
 4.4e-07   1.2434  
 4.5e-07   1.24003  
 4.6e-07   1.24416  
 4.7e-07   1.24987  
 4.8e-07   1.24422  
 4.9e-07   1.2291  
 5e-07   1.21455  
 5.1e-07   1.20107  
 5.2e-07   1.18218  
 5.3e-07   1.1437  
 5.4e-07   1.08133  
 5.5e-07   1.00977  
 5.6e-07   0.925331  
 5.7e-07   0.826698  
 5.8e-07   0.721998  
 5.9e-07   0.602629  
 6e-07   0.461459  
 6.1e-07   0.343405  
 6.2e-07   0.289757  
 6.3e-07   0.262095  
 6.4e-07   0.241125  
 6.5e-07   0.226984  
 6.6e-07   0.219801  
 6.7e-07   0.216152  
 6.8e-07   0.213234  
 6.9e-07   0.211179  
 7e-07   0.210118  
 7.1e-07   0.21074  
 7.2e-07   0.215189  
 7.3e-07   0.222186  
 7.4e-07   0.230017  
 7.5e-07   0.236966  
 7.6e-07   0.241561  
 7.7e-07   0.244953  
 7.8e-07   0.247833  
 7.9e-07   0.250467  
 8e-07   0.253122  
 8.1e-07   0.256068  
 8.2e-07   0.259569  
 8.3e-07   0.264116  
 8.4e-07   0.269857  
 8.5e-07   0.276305  
 8.6e-07   0.282967  
 8.7e-07   0.289353  
 8.8e-07   0.294969  
 8.9e-07   0.299324  
 9e-07   0.302386  
 9.1e-07   0.304941  
 9.2e-07   0.307128  
 9.3e-07   0.309062  
 9.4e-07   0.310857  
 9.5e-07   0.312626  
 9.6e-07   0.314486  
 9.7e-07   0.31655  
 9.8e-07   0.318932  
 9.9e-07   0.32168  
 1e-06   0.324593  
 1.01e-06   0.327668  
 1.02e-06   0.33093  
 1.03e-06   0.334404  
 1.04e-06   0.338115  
 1.05e-06   0.342087  
 1.06e-06   0.346345  
 1.07e-06   0.350913  
 1.08e-06   0.355818  
 1.09e-06   0.361105  
 1.1e-06   0.367456  
 1.11e-06   0.375043  
 1.12e-06   0.383666  
 1.13e-06   0.393126  
 1.14e-06   0.403224  
 1.15e-06   0.413761  
 1.16e-06   0.424538  
 1.17e-06   0.435355  
 1.18e-06   0.446015  
 1.19e-06   0.456316  
 1.2e-06   0.466062  
 1.21e-06   0.475052  
 1.22e-06   0.483152  
 1.23e-06   0.490838  
 1.24e-06   0.49827  
 1.25e-06   0.505475  
 1.26e-06   0.512481  
 1.27e-06   0.519314  
 1.28e-06   0.526004  
 1.29e-06   0.532576  
 1.3e-06   0.539059  
 1.31e-06   0.545479  
 1.32e-06   0.551865  
 1.33e-06   0.558243  
 1.34e-06   0.564641  
 1.35e-06   0.571087  
 1.36e-06   0.577607  
 1.37e-06   0.58423  
 1.38e-06   0.590983  
 1.39e-06   0.597892  
 1.4e-06   0.604929  
 1.41e-06   0.611944  
 1.42e-06   0.618935  
 1.43e-06   0.625914  
 1.44e-06   0.632889  
 1.45e-06   0.639869  
 1.46e-06   0.646864  
 1.47e-06   0.653884  
 1.48e-06   0.660937  
 1.49e-06   0.668034  
 1.5e-06   0.675183  
 1.51e-06   0.682395  
 1.52e-06   0.689678  
 1.53e-06   0.697042  
 1.54e-06   0.704496  
 1.55e-06   0.71205  
 1.56e-06   0.719714  
 1.57e-06   0.727496  
 1.58e-06   0.735406  
 1.59e-06   0.743454  
 1.6e-06   0.751649  
 1.61e-06   0.76  
 1.62e-06   0.768484  
 1.63e-06   0.777071  
 1.64e-06   0.78576  
 1.65e-06   0.794553  
 1.66e-06   0.803447  
 1.67e-06   0.812444  
 1.68e-06   0.821543  
 1.69e-06   0.830745  
 1.7e-06   0.840048  
 1.71e-06   0.849452  
 1.72e-06   0.858959  
 1.73e-06   0.868567  
 1.74e-06   0.878276  
 1.75e-06   0.888086  
 1.76e-06   0.897998  
 1.77e-06   0.90801  
 1.78e-06   0.918123  
 1.79e-06   0.928337  
 1.8e-06   0.938651  
 1.81e-06   0.949066  
 1.82e-06   0.959581  
 1.83e-06   0.970196  
 1.84e-06   0.98091  
 1.85e-06   0.991725  
 1.86e-06   1.00264  
 1.87e-06   1.01365  
 1.88e-06   1.02477  
 1.89e-06   1.03598  
 1.9e-06   1.04729  
 1.91e-06   1.0587  
 1.92e-06   1.07021  
 1.93e-06   1.08182  
 1.94e-06   1.09352  
 1.95e-06   1.10533  
 1.96e-06   1.11723  
 1.97e-06   1.12923  
 1.98e-06   1.14133  
 1.99e-06   1.15353  
 2e-06   1.16582  
